RESULT plainInline 3.2338 0.000004 102500000 102500000 11551.2267
RESULT plainInline 3.1478 0.000004 102500000 102500000 11551.2267
RESULT plainInline 3.2500 0.000004 102500000 102500000 11551.2267
RESULT plainInline 2.8955 0.000004 102500000 102500000 11551.2267
RESULT plainInline 2.6687 0.000004 102500000 102500000 11551.2267
RESULT plainGuarded 7.0595 0.000004 102500000 102500000 11551.2267
RESULT plainGuarded 7.2743 0.000004 102500000 102500000 11551.2267
RESULT plainGuarded 7.2198 0.000004 102500000 102500000 11551.2267
RESULT plainGuarded 7.1192 0.000004 102500000 102500000 11551.2267
RESULT plainGuarded 7.0511 0.000004 102500000 102500000 11551.2267
RESULT fluxtionStreamClock 8.4394 0.000004 102500000 102500000 11551.2267
RESULT fluxtionStreamClock 8.4169 0.000004 102500000 102500000 11551.2267
RESULT fluxtionStreamClock 8.3817 0.000004 102500000 102500000 11551.2267
RESULT fluxtionStreamClock 8.4723 0.000004 102500000 102500000 11551.2267
RESULT fluxtionStreamClock 8.4755 0.000004 102500000 102500000 11551.2267
RESULT fluxtionDefault 17.4451 0.000004 102500000 102500000 11551.2267
RESULT fluxtionDefault 17.5992 0.000004 102500000 102500000 11551.2267
RESULT fluxtionDefault 17.6073 0.000004 102500000 102500000 11551.2267
RESULT fluxtionDefault 17.5822 0.000004 102500000 102500000 11551.2267
RESULT fluxtionDefault 17.6969 0.000004 102500000 102500000 11551.2267
